50798
12070
67122
226245
107449
240725
268977
80286
NA
96875
58859
76453
66864
109978
51797
320262
20692
230959
72560
215456
231903
21857
170757
68393
79196
67374
76650
68151
12160
72136
225207
19038
21345
74013
239435
227622
67020
11883
259300
NA
53897
18146
228765
98402
104001
72599
14594
NA
229589
270174
14115
20392
20703
107581
18611
54667
218820
24099
67442
100434
74048
56264
14262
108927
26422
11720
106952
18223
20410
68176
234673
12802
18484
70255
14187
16949
242083
17022
11601
317757
14756
16535
231931
53860
223272
228368
94280
246316
21687
17064
54725
213053
218630
74186
18542
NA
12741
216725
71756
13024
21824
72704
11501
16590
22433
235611
20411
232237
104886
12628
29817
12029
57256
110382
12156
223631
70598
232370
13099
14062
18596
16324
319229
66355
22370
12702
21816
380795
69217
17112
12843
22762
14758
NA
16426
73847
20532
98170
67760
18406
236149
19016
21788
20378
17305
17294
14609
73159
16780
20311
67305
74761
84094
74580
231532
14560
12643
54409
55938
226250
94179
54140
22142
14605
234671
21923
68519
69903
338521
22371
56496
21809
69524
17748
13179
380780
NA
56213
269774
320360
223649
114886
93888
13108
70564
21804
21412
13120
28194
52055
18952
83433
217847
109979
NA
80876
83397
14311
21859
109821
13099
16005
50706
226090
235612
15203
NA
20620
22271
16803
11761
83671
12835
68453
17035
105450
18631
20848
231633
94187
78248
27280
216505
233733
93695
20750
16164
12395
70266
99151
15248
57442
51800
17181
240957
338365
14585
26921
383577
108788
70370
19699
13649
219151
216454
19737
102693
66901
16775
64817
67416
18113
21877
13136
69538
13614
17533
19263
330671
108114
68792
20716
76281
101476
50765
83675
69590
114255
68922
277414
239393
71406
19672
57440
14086
13038
16795
67784
18590
110135
60322
13650
320717
338350
68659
72401
54485
11770
219134
15284
68606
73910
16773
52187
83964
56373
18205
58809
15139
209683
68680
11611
14254
11727
52377
22352
218203
66873
12490
74147
14118
260409
385643
233005
12390
23893
59083
53416
59308
18816
18595
51793
12306
12499
18302
18451
12512
23876
75572
NA
15896
67063
240023
56175
74091
16177
74096
328871
67896
230810
27412
233066
12827
76478
106877
12818
12826
22402
84652
54598
65971
66665
18791
20928
16427
224674
71409
13822
50780
213019
21877
17194
18132
15213
69933
21826
21912
77569
102857
13865
22158
117147
12831
12364
103889
15214
238403
80884
16948
12842
19249
16625
12908
16523
17390
99543
14068
12491
237754
78600
16952
66607
17357
22379
14239
21873
269233
16998
270893
217012
16424
14200
20324
73340
53418
30045
76905
79235
117606
