12534
224171
53867
70385
14793
68549
21973
108899
218973
66468
16476
13476
60411
60530
107995
20501
22151
13014
51944
16691
110033
68201
235559
194126
68298
16551
106648
17215
22137
171543
72590
404195
20390
71837
27273
19361
106795
19650
17060
17345
NA
72415
20753
20714
15109
NA
227613
74646
72155
14863
16582
13909
227059
18538
114663
67177
16765
67052
18817
217845
68514
76509
NA
66578
NA
26886
100689
74559
218581
66447
17218
51788
208628
109212
22153
14858
72650
17068
73667
18538
17279
209737
27214
74122
11799
56150
12649
16008
21335
66949
17702
18984
67849
67198
66934
12428
73284
67196
17836
271278
18024
12164
18005
75939
NA
271048
NA
212377
269515
15201
14453
14858
17837
26944
12728
26934
56455
21853
98710
331532
69861
66442
56150
76233
108030
66929
15223
NA
67701
72125
56742
67629
16881
13605
20568
NA
107141
18140
53422
13198
71570
69716
74041
18074
382119
54120
269582
20419
50913
101613
16691
104027
52276
114644
18968
20878
20133
51788
236930
18974
13214
11747
109154
240641
12442
18973
216350
16852
69065
16865
214901
22151
71720
16816
68743
237052
17216
229841
208836
66977
17773
14211
66116
66060
211323
268697
11606
17219
234258
209707
12316
13178
66395
20194
268930
69885
97165
13096
52033
72107
17217
69277
75568
18073
70472
72082
76464
24108
106878
54124
70645
109245
26909
68014
67103
20971
20700
22235
20717
NA
27409
