20775
72759
268709
NA
11833
212442
73738
17252
116939
12367
231070
235339
60525
16548
230738
56473
110196
14732
103712
14104
104112
20249
170459
18194
109754
319554
17857
12068
20502
71699
18048
68603
83815
75772
26358
NA
170439
212503
110391
110208
68801
94041
16987
17436
76267
66980
107476
73738
15926
78894
212503
21835
13360
70552
71832
192156
319554
14825
228026
67182
66427
66234
NA
106389
52665
20778
21789
17292
110391
110196
21881
110196
100705
100102
13167
22256
69408
110460
13121
50790
NA
110196
66427
27219
70435
74246
56196
11488
18391
12974
74185
