69339
17776
105377
383154
16826
216453
11637
12534
233400
66614
18813
NA
NA
72682
55951
56356
24063
13813
50498
69354
NA
20788
107528
NA
213043
NA
20286
20304
171186
30962
53607
20775
233121
224171
74349
53867
234542
50798
18787
15945
71687
NA
12070
75458
94178
14430
70385
67122
NA
14793
68549
NA
214579
76522
19826
30925
14302
59027
237119
226414
226245
233913
21405
NA
21885
20091
140781
20935
15289
77422
21973
107515
229076
77629
12523
66473
18813
66211
NA
107449
14433
20209
67302
240725
215280
21353
279013
108899
229445
268977
NA
66114
214812
21957
80286
70846
15159
NA
67027
231801
18746
72180
26364
NA
386426
12788
15379
NA
NA
209086
66338
NA
26356
333224
96875
58859
58172
55951
227929
232976
223601
52857
16408
76453
NA
109697
66673
218973
19264
67553
381474
12140
17110
225192
66468
52679
NA
71310
13835
19290
NA
58229
170442
217138
67005
72759
66864
109978
223665
98221
22192
73722
NA
67510
171286
16563
232685
109660
51797
NA
NA
320262
20692
230959
12576
286940
13209
72560
383989
20167
13058
268709
NA
52552
19299
218695
215456
319615
22349
236915
231903
17922
56381
21857
NA
66501
68279
66142
384361
80289
NA
218397
56045
77592
11833
76703
NA
216445
56532
327871
170757
15024
NA
108079
12481
382906
NA
14827
242594
67145
NA
66629
245174
67923
212442
NA
17306
56360
75062
74725
331524
21815
108811
16476
21991
13476
13168
27215
27226
17105
18604
20743
60411
17319
108995
224762
12774
20728
74176
60530
244672
16452
107995
67890
16663
73738
66270
68393
14620
74190
79196
11307
67374
20501
18720
72039
76650
14347
18286
214899
22151
68151
13014
233121
12160
59011
229425
51944
17252
NA
106200
NA
381818
384591
227624
52132
72136
67718
78757
16691
107769
NA
225207
18768
19038
384783
67636
68416
21345
74013
226169
57895
15936
70610
53627
239435
58801
17897
53972
89867
NA
66488
227622
76483
20849
15483
NA
109299
67020
NA
229731
21961
407819
226548
384988
72739
18996
72333
74143
192195
382704
12359
11883
56376
110033
116939
259300
330721
234129
107448
NA
14459
60440
14897
NA
NA
53897
18146
12367
NA
73124
18766
228765
12295
NA
14779
58988
98402
232044
209239
59069
104001
76585
210583
68515
23962
NA
NA
NA
15163
17311
216991
109791
18300
382236
170787
72599
19201
13409
23965
104718
NA
14026
104725
22194
242466
56364
74686
NA
NA
231070
22095
66058
93765
NA
14594
NA
68201
NA
235339
210293
14792
NA
NA
15234
229589
383981
68035
15289
235559
194126
15114
381903
212862
216395
319817
268353
13434
210321
NA
140475
268373
60525
15950
227264
67455
387132
NA
NA
NA
108100
68298
270174
18810
170716
211770
66859
76378
16551
14115
53902
NA
11464
NA
20392
17918
75007
233537
106648
22072
381286
NA
242362
11465
233571
13733
76080
NA
76892
13806
320405
17215
20703
22137
74229
11890
99586
214593
56188
67645
66291
59006
228361
20334
107581
209176
18611
67089
21346
19944
229600
195514
14105
74748
54667
216613
224916
218820
67628
277939
NA
21389
277939
171543
72590
404195
230157
320742
269346
15181
17002
18636
56613
245693
219126
14198
24099
20641
70349
93692
230936
74467
20390
11790
54483
71837
27273
74645
269378
19361
16548
27279
214642
12847
18786
211347
NA
140559
58916
97064
74637
NA
226871
13654
106795
67442
19650
66205
104570
209931
28193
17060
NA
21871
14109
27377
16197
19695
12874
67075
100434
74048
71994
106869
208449
17684
19731
16478
52915
15289
269023
16530
72823
76459
69582
11898
56264
17345
239134
20684
NA
329972
230738
13806
30050
18577
56473
11472
217203
15951
13435
328191
59125
67653
NA
383857
66206
211666
19241
14262
NA
12877
NA
74206
245622
108927
26422
14433
76701
110196
114128
50500
13806
NA
11720
NA
106952
21949
NA
18986
192657
22420
30878
240921
74191
12372
226685
109019
11465
19730
67501
18223
20410
233437
353155
208846
108655
210029
73073
223701
237310
NA
26611
382759
NA
68176
NA
11465
93898
72465
55961
68441
12936
233575
320923
12176
209837
59048
NA
19017
11777
234673
14732
12802
NA
107508
18484
14017
15959
NA
19152
14969
NA
51788
20481
58996
218490
68526
69117
17882
70255
102084
72415
19692
17750
57315
NA
14187
15528
16949
20753
20714
15259
NA
226118
26568
NA
NA
NA
15109
NA
227613
72446
NA
270491
216984
242083
NA
74646
234440
320734
17022
NA
72155
67429
18729
259056
11601
68694
258956
225027
30785
NA
NA
14863
16582
12986
NA
268686
16822
19330
67993
57867
100604
258740
235459
103988
98910
18103
16828
192197
232408
66797
77110
15377
56726
103712
16181
55991
317757
234577
13909
208624
NA
14727
227059
211739
69774
13448
66142
68724
NA
237412
14756
NA
NA
234366
16535
214498
70061
383102
15953
12500
208820
268449
18726
105670
NA
231931
53860
14433
226283
NA
19733
18538
NA
223272
99730
228368
22073
NA
74068
108072
229279
20384
94280
246316
NA
114663
54519
14999
56454
67177
15289
16765
14104
13728
21687
67052
17064
15211
NA
71276
230664
66815
73690
68444
382659
20850
328781
NA
15452
NA
245015
72972
54725
213053
219132
17189
69826
18817
380674
109596
68614
217845
66809
259027
68514
78586
218630
14960
74186
209541
76509
67855
16170
NA
84506
NA
66142
12984
57266
18542
219131
77939
211586
NA
66578
15212
18441
NA
14365
232493
27050
23959
NA
12741
228836
18416
238091
15978
216725
83493
66712
22262
NA
94192
241075
11867
18679
NA
320940
269033
71756
70952
13664
224087
104175
NA
66480
66480
16855
NA
11629
NA
13024
26886
73862
13486
NA
231045
NA
NA
68404
15289
21824
100910
12866
213948
224671
14630
68146
12332
378431
23939
72704
100689
268706
NA
16542
71602
NA
12916
329639
20732
110147
54635
11501
192216
NA
71544
16590
319448
NA
12176
NA
22433
18673
56442
NA
216543
77407
235611
14998
99709
243548
99045
71098
106529
20411
NA
17174
74559
18708
19158
60532
218581
67130
21380
56217
232237
13867
12010
22026
66645
104886
12628
17878
11834
76257
29817
207565
67134
22210
22526
50791
56760
15019
11554
12029
104112
75956
73503
20306
68044
56291
57256
382770
229665
66447
17143
211228
20044
26446
12450
17218
76014
110382
76884
216019
72587
12156
17000
212937
12483
20249
192136
17907
223631
26357
14160
268903
106407
20586
214855
319670
NA
70750
51788
70604
12724
30794
76108
208628
18777
15959
18806
NA
12816
241226
52846
70005
22177
22761
NA
NA
394435
227334
20287
75965
14067
240444
56448
20296
99586
109212
51885
56717
192136
57279
226999
228993
227525
77300
17970
108723
329165
70598
170459
53624
21894
232370
231842
51869
17996
NA
18750
13099
22153
230793
NA
12524
243753
73980
14062
NA
74596
268281
379043
72145
227231
271887
109901
101148
74102
67956
15958
14858
12309
72650
17342
21384
12558
18596
NA
383556
NA
140887
17068
22228
16324
66489
319229
13033
68352
73667
NA
18408
83669
215160
66355
53625
17260
227099
12633
319625
20955
70348
15565
54342
56643
22370
75320
20208
18194
99662
18538
66684
17279
17240
16180
NA
21926
12702
18606
16176
17184
21816
224598
229715
215538
209737
114128
381588
380795
15162
69217
27214
14179
74958
67503
17112
66972
74413
59092
68262
21453
74122
106200
11799
109754
56150
224893
70769
320226
329872
18739
12843
22762
78405
13877
67529
12649
270084
16956
19294
384929
319554
NA
12260
383442
16008
208665
17857
69535
14758
98682
270162
16923
NA
12509
NA
72479
56421
16333
192289
15289
26446
53318
16426
20211
14842
235336
NA
72190
73847
77531
21335
170741
15502
20532
98170
18018
26374
68240
226413
67760
72852
12557
56305
18406
76308
53906
71755
236149
19016
27056
319653
11722
13806
NA
17523
NA
NA
107029
75835
77963
12068
110931
12111
14081
16493
20502
241520
NA
14961
21788
66949
170938
20378
12508
72289
17702
381319
20018
70163
12262
142980
17305
16668
NA
73719
384409
17294
16971
109905
71839
14609
66683
26424
55946
NA
73159
331188
NA
53626
22759
12350
20525
16780
72351
20719
72431
80288
329727
70637
20452
20311
94094
14127
16155
55989
18984
50702
66109
53357
23795
217869
71699
243538
14103
75654
57816
67391
67849
50723
17842
20356
231128
66174
66819
67198
NA
14779
67305
74761
17768
84094
66934
NA
12428
16828
56367
18673
108151
14229
12259
27418
73284
18048
74580
21936
231201
231532
68603
14560
72098
14815
71145
57261
384417
59050
NA
104348
67196
NA
12643
54409
68846
242523
12722
243547
12622
74117
55938
14863
13732
NA
12398
226250
67939
232086
15874
94179
17836
54140
13808
22142
27059
20116
71834
17288
258975
241320
78552
14042
381346
71607
NA
209630
67579
20963
14605
234671
209645
236792
21923
68519
50785
16365
217558
69903
14387
383028
271278
100952
18173
72097
24088
11811
22772
NA
26441
18024
19253
12164
83815
338521
19125
68653
18005
67916
75772
106861
76630
16859
105005
107373
NA
NA
69700
22371
56496
77706
75736
76510
NA
67393
18751
243634
21809
235072
19265
13101
269003
19039
69524
54343
17748
26358
75939
57342
66935
19883
17380
13179
14360
107476
380780
98870
NA
107476
14563
NA
17084
NA
18230
56213
213320
13198
242894
66541
68070
237116
19302
106572
208666
NA
11731
NA
NA
71795
216829
330938
240025
94092
13706
258726
72672
271048
19354
226154
26930
113858
109934
NA
59031
258868
67511
15078
18193
21854
101964
NA
330814
22073
109857
NA
57432
NA
NA
269774
56376
11839
NA
212377
13806
269515
11840
70081
74149
320360
98845
14710
15201
54195
56702
13449
NA
223649
17536
258333
108101
114886
20322
93888
69041
74385
13211
72349
13108
68794
14453
103724
56452
11964
NA
246229
70564
230770
72935
14858
21804
71770
71544
213603
14425
17319
192196
71946
17837
12517
101565
212285
20229
26944
76709
170439
17476
225929
19944
240672
21412
80748
69019
227933
229782
209039
11429
223433
19141
13120
223435
NA
NA
71929
12502
12728
56620
103655
64008
16772
73149
384717
107765
23849
107350
28194
NA
18187
15528
170719
19988
14378
77668
99375
54393
56334
117599
67127
212503
74175
17189
29864
246256
56351
235907
331004
52055
26934
353047
11843
56386
19698
18952
78928
56455
76719
12662
21853
230753
76074
14598
74132
67373
15502
27375
16633
17999
94282
83433
50505
170813
66626
320292
26358
NA
13040
NA
19277
19289
231452
73942
76722
215654
207921
NA
12505
110391
19358
110208
241576
232680
16828
71435
72745
216558
229279
19711
98710
71302
217847
14020
69917
231563
16341
218503
109979
NA
11461
68098
19694
23955
380902
NA
12051
16594
209203
70620
268973
12995
110355
53315
NA
NA
229663
64934
80876
268373
22612
259070
258993
93686
NA
328694
NA
328365
80281
331532
78478
16909
67828
14312
22165
83397
20531
NA
16440
54342
69861
66442
14311
80797
66495
70296
68801
378954
243385
83383
NA
22329
72018
21859
237343
76475
22308
NA
NA
319489
109821
66181
NA
244310
234356
243085
NA
353310
14786
100727
108121
381057
21853
72895
226541
11814
14131
233199
66102
242557
NA
102093
108682
13099
NA
17246
140630
22074
81535
15270
67111
67709
353187
57263
16005
231470
16009
213765
56085
50706
75725
56298
226090
19826
NA
72082
72303
78560
235612
20868
15203
13628
68802
19260
56150
66849
67951
NA
94041
NA
29876
20620
NA
67092
77590
15939
13002
72485
57257
328971
241494
13517
19166
110606
22271
99650
66454
246080
210992
18550
22631
NA
17909
12388
107869
269424
22239
71745
70630
15289
20464
99470
NA
231807
76561
104010
19280
11973
67379
13349
21985
78625
70785
NA
NA
67261
76273
13717
67220
15464
19385
20384
17524
75089
20288
73656
19070
268513
216227
105351
24015
NA
18703
NA
76233
76614
99650
NA
56350
16803
NA
102182
108030
11761
107321
106512
66929
20669
259089
NA
74183
24064
11465
16828
60510
NA
26413
24131
80876
NA
29875
83671
NA
17972
12835
380924
171580
244650
107747
18740
66071
NA
244646
21906
56193
71240
223642
66897
56177
NA
239406
12506
68453
17035
223628
15510
NA
271521
74362
15289
NA
NA
14433
52822
105450
54161
56334
227298
70375
NA
13026
66106
242474
381525
414090
12652
69541
56857
15223
27383
NA
14645
NA
66569
72508
12140
21823
17906
NA
18631
70620
30046
192188
78896
NA
22194
14862
70008
330177
12374
22229
66182
67701
171429
20848
19224
22340
71712
17937
69028
231633
23963
217344
384251
18029
14933
208898
20360
240482
17113
20688
12577
72686
77864
170743
212898
216565
219140
94187
72125
67581
76763
98878
NA
11858
72503
269378
16154
20250
56508
118449
69082
20234
13806
NA
236904
70591
72472
72421
69540
17063
18947
NA
227835
21366
18405
74071
16987
NA
59069
268373
71934
NA
99899
50880
NA
NA
11484
19143
21356
241158
20389
73795
235283
NA
67979
12703
71838
50875
15458
20210
78248
56367
27280
237943
94185
NA
80718
227659
56742
17436
14751
NA
56040
76267
231914
NA
76130
11950
216505
208583
NA
233733
13511
67629
NA
66488
67664
NA
381126
68598
16881
12766
NA
93695
114584
109263
244859
235442
208777
229542
76815
72149
66980
59010
52633
12444
213788
18038
NA
67839
53325
241656
77593
12317
383295
NA
24136
14433
NA
13605
68420
27371
338375
75546
404545
20568
18645
19231
383916
320982
16969
20750
NA
383539
14433
11416
NA
23871
21667
21952
19384
105348
192652
107476
72434
109905
16164
208043
NA
269800
319352
NA
16599
98365
12395
50794
15368
54561
233355
NA
78354
214944
12211
73723
107141
26874
73738
14433
70266
18414
99151
217616
66722
63985
NA
70611
15248
338320
216440
230721
278062
NA
71063
228003
57442
18150
18140
NA
13030
19267
51800
17181
NA
213811
53422
12475
240957
76306
12151
66942
13198
14674
71570
21953
57437
64113
83492
338365
18027
15926
229279
14585
12914
69716
319277
52793
209931
69981
70984
21399
26921
77022
30934
16828
NA
78749
29876
383577
21785
108788
258579
66168
66125
12046
74041
234501
30853
76768
56735
NA
78894
65221
52202
66261
58208
94221
170717
52614
18074
70370
67843
66092
382119
19699
72094
13649
270028
219151
16581
NA
380912
NA
22368
116940
11777
216454
20623
93836
NA
68031
72729
69634
58185
76757
21452
233836
16331
93960
28295
22264
69737
17381
245828
54120
NA
12653
NA
268756
171228
11636
69834
217826
67998
NA
23888
NA
NA
66489
109254
27373
54448
56012
NA
NA
19737
69504
214162
232917
22003
12663
259103
16573
NA
80976
NA
217869
NA
269582
231108
102693
66901
21784
252876
224662
16775
217540
16433
104009
212503
NA
20419
16912
18807
NA
54160
66979
98267
66698
15277
68092
20195
63986
71916
64817
NA
67416
217882
50913
20340
381308
21835
101613
104759
71345
58210
16691
19046
18578
27405
67041
18113
21877
230751
67797
13360
13136
NA
19211
17075
67893
NA
23971
72931
76809
227227
224833
17970
71562
67180
11745
69538
207920
104401
245377
15395
70552
NA
214238
19724
69008
NA
228960
71832
104027
211401
382445
215974
13358
216530
20666
70335
382461
13614
319468
17752
11303
18600
78913
NA
258969
17901
17533
59028
12773
208144
19263
192156
52276
227045
68092
16828
235461
81007
68888
11465
67537
114644
328329
NA
12363
330671
11801
23881
12978
69185
19013
233186
50932
12982
20393
12013
22289
71375
67768
66882
NA
108114
194985
15388
71633
14711
78455
11857
232441
140780
68792
227545
19331
18968
67574
20716
66307
14385
235497
76281
20878
103003
329727
17118
319554
12495
20133
18128
13809
51788
214253
240753
12928
68774
236930
140483
57914
16643
57262
NA
18974
105387
74012
17129
320924
76441
14825
17765
13849
72805
18016
NA
101476
18778
233979
23828
11949
245877
226527
50765
18726
13214
15424
20708
83675
20742
69590
66277
67366
14999
55932
11747
66105
26888
20303
21689
67036
57319
228026
15469
76294
80719
56095
68671
NA
75613
214951
54445
22709
67689
229279
18673
NA
75424
NA
210853
114255
74670
116733
NA
67661
228889
385414
NA
66674
217721
14916
246728
76681
68922
109154
13510
230866
76610
212943
277414
239393
83428
22700
26410
240641
277360
219144
NA
NA
66169
192663
140557
67182
382450
93673
14884
67529
18571
NA
NA
14751
12442
246738
83602
66427
68585
50779
15431
319848
17319
11867
211499
20731
71406
258558
18973
15167
216350
67781
58861
26408
16852
20302
15275
170716
66234
114716
19672
170707
76454
56050
NA
57440
14086
12283
55993
241431
57264
26394
18655
69065
19064
11898
231805
NA
64143
234852
21416
13038
NA
110920
271221
385013
13406
330440
14562
229759
15446
16795
11465
16865
NA
NA
NA
23807
NA
242408
226252
106389
214901
NA
66816
60596
67784
117591
18590
83679
13057
112405
110135
14867
214470
71586
59029
73182
93719
NA
67664
60322
NA
NA
NA
18106
NA
NA
22151
327900
68202
NA
13650
208659
22139
72273
NA
68379
320717
12333
73873
67128
81896
230099
338350
14695
14526
68659
66923
217615
71720
67477
22635
16816
72401
68743
52665
NA
13877
NA
54485
11770
76834
219134
331552
NA
15284
68606
237052
11949
233865
73910
69713
70291
20305
16773
52187
83964
108755
20778
66824
56373
216963
228151
258937
22629
16682
54396
11538
12293
18032
14257
14107
26365
12862
NA
381027
18205
215900
13823
NA
333789
69564
219094
NA
21789
NA
12867
20129
58809
105072
258803
234463
227606
12018
NA
27261
68011
328222
15139
75777
NA
195509
214444
20541
60533
209683
380842
330539
67138
17292
56458
77805
68680
268747
224585
17216
11732
18489
11611
14678
66740
231760
14254
NA
14590
66489
240913
67678
16636
NA
NA
384305
13205
110391
71927
110196
16670
233908
22234
229663
NA
18145
19317
207923
11727
140795
63986
12865
229841
NA
11474
16792
258329
NA
18003
52377
69504
16334
73657
78321
16411
13618
22352
20090
243612
75645
14910
218203
240283
68267
66873
12292
12490
13682
21426
11628
27883
74147
NA
NA
14118
260409
330490
385643
28000
22682
57296
320869
105844
67512
75886
66489
NA
NA
67133
66736
241765
13094
243368
317750
16010
233005
NA
13806
NA
67163
11459
108116
67719
208836
20710
20852
268345
12362
59050
66977
234797
16828
258368
20299
16790
17773
67843
105559
60599
57781
234199
278473
17384
17876
338355
69352
240675
69352
231914
13800
57748
53973
76491
83924
14211
232023
12390
93896
23893
241308
380967
59083
53416
14077
107174
11772
21881
238055
216858
59308
54123
110196
219102
22084
18816
193079
66136
271041
18595
72573
NA
66116
NA
12796
70383
19679
17691
23844
22619
51793
140488
20336
228355
19116
239447
17850
103844
66060
12306
66102
16939
16429
28084
17357
211323
100705
21813
22631
268697
93790
66957
319887
67801
227331
15510
100102
64602
20019
69288
114893
11606
NA
NA
NA
NA
101488
14177
12499
18302
231691
270084
73712
18451
67742
13669
83962
170936
14129
NA
22378
21813
17219
12512
208943
71200
214359
17973
63913
235386
14595
13167
101202
66323
234258
14958
384214
NA
381428
23876
243117
15951
243911
76895
22256
19193
11595
209155
NA
67306
66950
75572
75239
71900
105855
229279
105203
207559
NA
NA
69408
231655
66190
15421
NA
21925
110460
209707
76117
70789
NA
50787
12316
66204
58207
NA
NA
22029
330260
13178
14190
269378
102566
NA
69227
67370
72700
232089
67715
382117
21372
18746
16362
15896
18458
54153
16709
67063
12176
228005
NA
18946
244895
240023
14977
56175
215929
12530
20482
214968
114228
74091
72205
21898
16177
66395
74096
407243
18569
240328
13171
192176
20730
327957
328871
16149
NA
224109
20194
67019
11773
67896
59024
216965
224273
NA
319800
268930
170826
69885
326618
230810
NA
14991
66689
13121
269378
223278
19766
234911
20195
27057
27412
110829
83924
233490
233066
11853
382014
22685
17540
97165
12827
76478
212391
269113
69504
106877
20467
13096
NA
12818
12826
68576
50790
52033
258372
18689
19073
22402
381535
13035
330914
67117
NA
19944
84652
74238
64945
240074
30956
107094
NA
14718
70615
14619
14546
54563
54598
207781
16612
72042
14751
17714
63953
11431
14077
NA
18688
83673
72107
54388
234582
66775
17217
53378
11364
65971
18643
18472
66665
21928
16414
15126
18791
20928
16427
27362
69277
237319
233033
234724
268373
214459
67171
230779
171504
225443
224697
224705
67865
271457
NA
224674
226548
12633
71409
66935
30853
193003
56519
59030
12045
12033
11465
NA
231507
230119
238386
NA
64451
76982
12613
21750
110196
230784
53378
258797
381094
69611
381259
20846
74022
13822
380660
50780
75568
213019
21877
68117
18073
57783
17194
20719
NA
106143
18301
19982
NA
17386
20276
NA
237253
12751
226421
233107
224105
320790
18132
14779
20537
15213
12892
20652
214133
12709
55990
69933
18171
320184
70472
NA
56720
NA
30959
71869
18783
13806
70839
NA
21826
14537
57436
69306
208647
71148
68137
320127
21912
NA
20603
378435
72007
56360
70772
NA
70099
11937
14012
77569
16622
NA
21473
66427
66913
69787
74617
114893
110809
114641
60367
72082
59310
381845
102857
76687
52036
328209
17775
NA
NA
21810
24044
13865
235041
13032
12038
17886
22158
117147
52713
76464
170749
109900
24108
80885
60611
12425
269941
107477
12831
106878
74030
57765
72828
67971
170483
56378
50781
NA
12364
NA
27376
18553
16185
NA
103889
27219
12504
66687
NA
19243
320492
78286
353170
NA
320492
245945
15980
67809
15214
66912
59090
NA
NA
238403
54124
109284
104816
80884
66344
70435
NA
12514
NA
14645
70257
56289
258610
80888
NA
240498
16341
67988
24052
108012
216971
16948
74246
212632
67268
230824
12418
70645
14862
20128
12151
243537
76408
70737
381097
56086
114641
114863
233452
56149
12842
NA
23945
74081
268373
381229
18089
105148
56752
19249
NA
54405
69890
12488
17766
171207
380773
16625
66354
12521
231717
109624
12908
72088
227960
72454
76469
320165
18639
74772
18753
NA
230872
56092
19261
NA
74131
16523
20201
17390
109245
14728
99543
14661
NA
56196
70799
14068
NA
227089
50934
66050
NA
15412
26951
13627
14411
12491
237754
11656
100019
78600
16952
66607
17357
72085
NA
218569
26909
22379
56724
68014
11488
NA
NA
18830
94060
229003
17349
333423
76719
67937
30853
NA
18134
216546
NA
110962
229279
14239
101739
64385
14744
22775
21873
112418
67458
14186
16068
240283
100169
67054
55946
83602
52829
14231
66397
20202
73130
234373
NA
13688
27096
67868
104445
67103
20971
271813
28295
16192
229225
381598
16832
230787
NA
269233
NA
213389
56637
22780
104831
73340
57316
69237
382659
74117
14677
52855
270658
16998
223254
226016
270893
20700
217012
18391
327978
67521
258721
238205
19988
225341
14447
237542
16424
17916
399101
14200
16828
NA
20324
22235
320534
20717
217303
73340
232798
66853
NA
16889
19124
68240
NA
68152
60363
19171
53418
76014
30045
17925
382030
74383
319804
230082
17190
223693
NA
12974
20668
12869
NA
12522
19735
76933
21832
76905
27409
NA
73132
NA
70155
13627
67876
78697
105782
74185
79235
18020
117606
28253
68427
71982
258590
56644
70579
213056
67824
13998
72832
22634
